45
0
4,3
0,4,12
1,1,14
2,0,18
3,4,12
0,0,1,34
1,1,2,16
2,2,3,22
1
3,2
0,2,16
1,3,12
2,2,16
0,0,1,22
1,1,2,34
2
4,3
0,4,14
1,2,14
2,1,14
3,2,14
0,0,1,22
1,1,2,34
2,2,3,10
3
2,1
0,4,16
1,0,10
0,0,1,16
4
3,2
0,2,10
1,0,18
2,4,16
0,0,1,28
1,1,2,10
5
2,1
0,4,10
1,3,14
0,0,1,34
6
2,1
0,1,12
1,3,14
0,0,1,10
7
5,4
0,2,10
1,3,10
2,2,16
3,4,12
4,0,12
0,0,1,16
1,1,2,28
2,2,3,22
3,3,4,16
8
3,2
0,1,18
1,0,14
2,1,10
0,0,1,10
1,1,2,28
9
4,3
0,0,12
1,2,16
2,4,14
3,2,12
0,0,1,22
1,1,2,22
2,2,3,22
10
3,2
0,2,12
1,4,18
2,2,10
0,0,1,28
1,1,2,10
11
5,4
0,3,18
1,1,14
2,2,12
3,4,18
4,2,18
0,0,1,28
1,1,2,34
2,2,3,22
3,3,4,10
12
3,2
0,4,18
1,0,14
2,3,12
0,0,1,34
1,1,2,10
13
2,1
0,4,16
1,3,18
0,0,1,22
14
4,3
0,0,16
1,3,14
2,4,14
3,0,14
0,0,1,28
1,1,2,22
2,2,3,28
15
5,4
0,1,18
1,3,18
2,2,14
3,3,18
4,0,18
0,0,1,34
1,1,2,34
2,2,3,22
3,3,4,34
16
5,4
0,4,12
1,3,16
2,2,18
3,4,12
4,2,16
0,0,1,34
1,1,2,34
2,2,3,22
3,3,4,28
17
3,2
0,4,14
1,2,16
2,3,16
0,0,1,22
1,1,2,10
18
3,2
0,0,10
1,2,16
2,4,18
0,0,1,16
1,1,2,22
19
5,4
0,4,14
1,3,10
2,0,10
3,1,16
4,2,10
0,0,1,10
1,1,2,28
2,2,3,10
3,3,4,22
20
5,4
0,2,12
1,1,14
2,0,14
3,4,18
4,0,18
0,0,1,16
1,1,2,16
2,2,3,16
3,3,4,16
21
3,2
0,4,14
1,0,12
2,4,10
0,0,1,22
1,1,2,34
22
3,2
0,3,12
1,4,16
2,1,10
0,0,1,34
1,1,2,10
23
5,4
0,4,14
1,3,10
2,1,16
3,2,18
4,0,12
0,0,1,28
1,1,2,22
2,2,3,34
3,3,4,22
24
3,2
0,1,10
1,0,16
2,1,10
0,0,1,34
1,1,2,22
25
5,4
0,1,12
1,3,14
2,0,10
3,4,10
4,2,12
0,0,1,28
1,1,2,10
2,2,3,22
3,3,4,10
26
5,4
0,4,16
1,1,18
2,3,16
3,1,18
4,0,10
0,0,1,16
1,1,2,34
2,2,3,10
3,3,4,22
27
4,3
0,2,16
1,0,18
2,1,12
3,4,14
0,0,1,10
1,1,2,22
2,2,3,16
28
5,4
0,3,14
1,0,16
2,2,18
3,3,12
4,2,12
0,0,1,34
1,1,2,34
2,2,3,34
3,3,4,28
29
4,3
0,4,10
1,0,10
2,4,18
3,3,10
0,0,1,10
1,1,2,22
2,2,3,22
30
2,1
0,0,14
1,1,14
0,0,1,10
31
4,3
0,0,10
1,2,12
2,4,12
3,2,18
0,0,1,10
1,1,2,34
2,2,3,10
32
5,4
0,3,18
1,4,12
2,2,14
3,3,18
4,2,14
0,0,1,10
1,1,2,34
2,2,3,16
3,3,4,22
33
5,4
0,2,18
1,4,10
2,2,10
3,3,14
4,4,10
0,0,1,34
1,1,2,22
2,2,3,22
3,3,4,34
34
3,2
0,1,12
1,3,14
2,0,12
0,0,1,10
1,1,2,34
35
3,2
0,1,16
1,4,16
2,1,12
0,0,1,16
1,1,2,10
36
4,3
0,2,12
1,3,14
2,2,12
3,0,16
0,0,1,28
1,1,2,16
2,2,3,10
37
5,4
0,0,12
1,2,16
2,3,14
3,2,16
4,3,18
0,0,1,16
1,1,2,16
2,2,3,28
3,3,4,22
38
4,3
0,0,10
1,1,12
2,0,18
3,4,16
0,0,1,28
1,1,2,22
2,2,3,22
39
5,4
0,0,10
1,3,16
2,0,16
3,4,12
4,3,18
0,0,1,34
1,1,2,22
2,2,3,10
3,3,4,22
40
2,1
0,1,14
1,0,18
0,0,1,16
41
5,4
0,0,10
1,1,18
2,4,14
3,0,18
4,2,16
0,0,1,28
1,1,2,22
2,2,3,16
3,3,4,10
42
4,3
0,0,12
1,3,18
2,1,14
3,3,16
0,0,1,22
1,1,2,22
2,2,3,22
43
3,2
0,2,18
1,4,12
2,3,10
0,0,1,22
1,1,2,34
44
5,4
0,1,14
1,3,16
2,2,18
3,1,18
4,4,16
0,0,1,16
1,1,2,16
2,2,3,34
3,3,4,10