50
0
2,1
0,4,18
1,3,14
0,0,1,28
1
3,2
0,2,14
1,0,10
2,2,16
0,0,1,34
1,1,2,22
2
5,4
0,4,16
1,3,18
2,0,14
3,4,14
4,2,18
0,0,1,10
1,1,2,10
2,2,3,34
3,3,4,10
3
2,1
0,1,16
1,4,14
0,0,1,34
4
5,4
0,3,10
1,0,10
2,3,12
3,4,16
4,0,12
0,0,1,22
1,1,2,22
2,2,3,28
3,3,4,10
5
4,3
0,0,14
1,2,16
2,4,10
3,3,10
0,0,1,10
1,1,2,10
2,2,3,28
6
4,3
0,2,12
1,1,14
2,4,16
3,3,12
0,0,1,16
1,1,2,16
2,2,3,28
7
2,1
0,4,14
1,2,16
0,0,1,34
8
4,3
0,2,12
1,4,16
2,3,18
3,2,10
0,0,1,28
1,1,2,28
2,2,3,34
9
4,3
0,2,12
1,0,14
2,1,10
3,4,12
0,0,1,34
1,1,2,34
2,2,3,10
10
4,3
0,0,16
1,1,14
2,2,14
3,4,16
0,0,1,22
1,1,2,34
2,2,3,22
11
2,1
0,1,10
1,3,16
0,0,1,22
12
3,2
0,2,12
1,3,12
2,1,10
0,0,1,22
1,1,2,28
13
3,2
0,3,14
1,0,18
2,3,16
0,0,1,22
1,1,2,16
14
3,2
0,2,18
1,0,16
2,3,18
0,0,1,22
1,1,2,28
15
3,2
0,2,10
1,0,14
2,2,14
0,0,1,10
1,1,2,34
16
2,1
0,4,12
1,2,10
0,0,1,10
17
4,3
0,0,10
1,1,12
2,3,18
3,0,16
0,0,1,34
1,1,2,16
2,2,3,16
18
5,4
0,1,12
1,3,10
2,4,10
3,2,10
4,3,14
0,0,1,16
1,1,2,16
2,2,3,10
3,3,4,34
19
2,1
0,1,10
1,0,14
0,0,1,28
20
3,2
0,1,14
1,4,14
2,0,10
0,0,1,28
1,1,2,28
21
2,1
0,2,18
1,0,10
0,0,1,16
22
3,2
0,4,14
1,2,14
2,4,16
0,0,1,28
1,1,2,28
23
2,1
0,4,18
1,0,14
0,0,1,10
24
3,2
0,0,16
1,3,18
2,0,14
0,0,1,28
1,1,2,34
25
5,4
0,4,12
1,3,16
2,2,18
3,0,14
4,2,18
0,0,1,34
1,1,2,16
2,2,3,22
3,3,4,10
26
4,3
0,3,14
1,1,18
2,0,10
3,2,16
0,0,1,34
1,1,2,34
2,2,3,10
27
5,4
0,4,14
1,3,10
2,4,14
3,0,14
4,4,16
0,0,1,10
1,1,2,34
2,2,3,10
3,3,4,10
28
4,3
0,3,16
1,1,12
2,3,16
3,1,14
0,0,1,16
1,1,2,16
2,2,3,34
29
4,3
0,2,12
1,3,18
2,1,14
3,2,18
0,0,1,16
1,1,2,16
2,2,3,10
30
4,3
0,1,14
1,2,12
2,1,16
3,3,10
0,0,1,34
1,1,2,22
2,2,3,34
31
2,1
0,2,14
1,3,10
0,0,1,16
32
2,1
0,1,14
1,3,16
0,0,1,28
33
4,3
0,0,10
1,1,16
2,3,10
3,2,16
0,0,1,10
1,1,2,10
2,2,3,10
34
4,3
0,2,10
1,4,16
2,0,18
3,4,14
0,0,1,34
1,1,2,34
2,2,3,10
35
2,1
0,3,18
1,4,16
0,0,1,16
36
4,3
0,1,14
1,0,10
2,3,14
3,0,10
0,0,1,16
1,1,2,22
2,2,3,28
37
3,2
0,1,18
1,3,18
2,0,18
0,0,1,22
1,1,2,34
38
4,3
0,4,16
1,3,10
2,0,10
3,3,18
0,0,1,22
1,1,2,34
2,2,3,28
39
4,3
0,3,16
1,2,16
2,0,18
3,2,16
0,0,1,34
1,1,2,28
2,2,3,34
40
3,2
0,3,16
1,4,10
2,3,12
0,0,1,10
1,1,2,16
41
4,3
0,1,12
1,0,18
2,2,10
3,0,12
0,0,1,16
1,1,2,28
2,2,3,22
42
2,1
0,3,16
1,0,18
0,0,1,34
43
2,1
0,4,12
1,1,18
0,0,1,16
44
2,1
0,2,12
1,4,10
0,0,1,16
45
5,4
0,1,12
1,4,14
2,0,14
3,4,10
4,1,16
0,0,1,16
1,1,2,34
2,2,3,16
3,3,4,28
46
2,1
0,1,14
1,4,18
0,0,1,34
47
2,1
0,1,18
1,3,16
0,0,1,28
48
4,3
0,3,12
1,2,14
2,4,14
3,2,10
0,0,1,16
1,1,2,34
2,2,3,28
49
2,1
0,4,18
1,1,12
0,0,1,34
