55
0
2,1
0,0,12
1,1,14
0,0,1,10
1
4,3
0,3,12
1,1,16
2,0,14
3,4,12
0,0,1,34
1,1,2,10
2,2,3,22
2
3,2
0,2,12
1,0,18
2,2,14
0,0,1,16
1,1,2,34
3
5,4
0,2,10
1,4,14
2,2,18
3,0,18
4,2,12
0,0,1,10
1,1,2,28
2,2,3,34
3,3,4,22
4
5,4
0,4,14
1,1,16
2,4,18
3,1,10
4,3,18
0,0,1,10
1,1,2,10
2,2,3,10
3,3,4,28
5
2,1
0,0,16
1,4,16
0,0,1,22
6
4,3
0,4,14
1,0,12
2,2,16
3,1,12
0,0,1,28
1,1,2,22
2,2,3,22
7
5,4
0,3,16
1,1,10
2,4,18
3,2,14
4,4,14
0,0,1,16
1,1,2,16
2,2,3,22
3,3,4,22
8
2,1
0,3,16
1,1,12
0,0,1,22
9
4,3
0,4,12
1,1,16
2,4,18
3,1,14
0,0,1,28
1,1,2,22
2,2,3,10
10
2,1
0,0,16
1,2,10
0,0,1,34
11
3,2
0,3,12
1,4,12
2,1,12
0,0,1,28
1,1,2,16
12
4,3
0,3,10
1,2,12
2,0,16
3,4,12
0,0,1,28
1,1,2,22
2,2,3,22
13
2,1
0,3,12
1,4,16
0,0,1,34
14
3,2
0,0,14
1,4,10
2,2,12
0,0,1,34
1,1,2,10
15
5,4
0,1,14
1,3,12
2,2,16
3,3,10
4,4,12
0,0,1,28
1,1,2,16
2,2,3,28
3,3,4,22
16
4,3
0,3,18
1,1,14
2,3,16
3,4,16
0,0,1,10
1,1,2,28
2,2,3,34
17
4,3
0,4,10
1,1,14
2,0,18
3,4,10
0,0,1,22
1,1,2,28
2,2,3,16
18
2,1
0,2,12
1,4,18
0,0,1,22
19
4,3
0,3,10
1,2,10
2,0,10
3,2,18
0,0,1,28
1,1,2,10
2,2,3,16
20
3,2
0,4,10
1,3,16
2,2,12
0,0,1,28
1,1,2,22
21
4,3
0,1,14
1,2,16
2,3,18
3,1,14
0,0,1,10
1,1,2,16
2,2,3,34
22
4,3
0,4,16
1,1,10
2,3,12
3,0,18
0,0,1,34
1,1,2,34
2,2,3,34
23
2,1
0,1,12
1,4,14
0,0,1,16
24
4,3
0,0,14
1,1,18
2,0,12
3,3,18
0,0,1,28
1,1,2,10
2,2,3,22
25
2,1
0,4,10
1,3,14
0,0,1,34
26
2,1
0,0,18
1,3,16
0,0,1,22
27
2,1
0,4,10
1,3,16
0,0,1,10
28
5,4
0,0,14
1,4,12
2,1,14
3,0,16
4,3,10
0,0,1,16
1,1,2,16
2,2,3,22
3,3,4,10
29
4,3
0,1,10
1,3,10
2,1,12
3,2,18
0,0,1,34
1,1,2,28
2,2,3,10
30
4,3
0,0,10
1,3,12
2,0,14
3,3,10
0,0,1,16
1,1,2,10
2,2,3,16
31
4,3
0,1,12
1,3,18
2,0,18
3,4,10
0,0,1,16
1,1,2,10
2,2,3,22
32
3,2
0,1,12
1,3,16
2,1,14
0,0,1,28
1,1,2,34
33
5,4
0,1,18
1,0,14
2,4,16
3,2,16
4,4,16
0,0,1,22
1,1,2,28
2,2,3,22
3,3,4,22
34
2,1
0,0,16
1,4,10
0,0,1,34
35
3,2
0,0,10
1,1,14
2,4,18
0,0,1,10
1,1,2,28
36
3,2
0,0,12
1,4,14
2,2,10
0,0,1,10
1,1,2,34
37
5,4
0,0,18
1,2,16
2,0,12
3,2,16
4,4,18
0,0,1,22
1,1,2,28
2,2,3,22
3,3,4,34
38
3,2
0,4,16
1,2,16
2,4,16
0,0,1,28
1,1,2,16
39
3,2
0,3,18
1,1,16
2,0,16
0,0,1,10
1,1,2,28
40
2,1
0,0,10
1,3,14
0,0,1,10
41
5,4
0,4,12
1,2,12
2,3,14
3,0,18
4,4,10
0,0,1,16
1,1,2,22
2,2,3,28
3,3,4,22
42
3,2
0,4,14
1,2,18
2,3,14
0,0,1,34
1,1,2,28
43
3,2
0,2,18
1,1,10
2,4,16
0,0,1,28
1,1,2,22
44
4,3
0,3,10
1,2,10
2,0,14
3,4,14
0,0,1,28
1,1,2,34
2,2,3,34
45
3,2
0,4,10
1,3,16
2,2,12
0,0,1,28
1,1,2,22
46
4,3
0,4,18
1,0,16
2,4,12
3,3,10
0,0,1,22
1,1,2,28
2,2,3,10
47
4,3
0,3,16
1,1,14
2,2,16
3,0,12
0,0,1,22
1,1,2,10
2,2,3,16
48
5,4
0,3,16
1,4,10
2,2,14
3,1,16
4,4,16
0,0,1,34
1,1,2,28
2,2,3,34
3,3,4,10
49
2,1
0,3,12
1,4,16
0,0,1,34
50
2,1
0,0,16
1,2,10
0,0,1,34
51
5,4
0,2,12
1,3,12
2,1,18
3,4,10
4,2,18
0,0,1,28
1,1,2,16
2,2,3,34
3,3,4,34
52
4,3
0,3,18
1,1,14
2,3,16
3,4,16
0,0,1,10
1,1,2,28
2,2,3,34
53
3,2
0,4,10
1,3,16
2,2,12
0,0,1,28
1,1,2,22
54
3,2
0,4,10
1,3,16
2,2,12
0,0,1,28
1,1,2,22