60
0
5,4
0,1,10
1,0,14
2,4,18
3,3,10
4,1,18
0,0,1,22
1,1,2,22
2,2,3,28
3,3,4,28
1
2,1
0,4,18
1,2,10
0,0,1,16
2
3,2
0,0,16
1,1,14
2,2,18
0,0,1,16
1,1,2,22
3
3,2
0,4,10
1,1,12
2,0,12
0,0,1,34
1,1,2,22
4
3,2
0,2,18
1,0,12
2,1,18
0,0,1,10
1,1,2,34
5
5,4
0,4,18
1,1,14
2,2,16
3,1,14
4,4,18
0,0,1,16
1,1,2,34
2,2,3,10
3,3,4,16
6
2,1
0,2,14
1,3,10
0,0,1,28
7
3,2
0,0,18
1,2,12
2,0,14
0,0,1,22
1,1,2,34
8
4,3
0,1,18
1,2,18
2,4,12
3,1,12
0,0,1,10
1,1,2,10
2,2,3,28
9
5,4
0,1,16
1,2,14
2,0,16
3,4,10
4,0,18
0,0,1,28
1,1,2,22
2,2,3,22
3,3,4,22
10
4,3
0,0,12
1,4,16
2,2,12
3,4,10
0,0,1,22
1,1,2,16
2,2,3,10
11
5,4
0,2,10
1,3,14
2,2,14
3,1,10
4,3,18
0,0,1,16
1,1,2,34
2,2,3,34
3,3,4,34
12
2,1
0,0,16
1,3,18
0,0,1,22
13
4,3
0,2,16
1,1,18
2,2,16
3,3,14
0,0,1,34
1,1,2,10
2,2,3,22
14
3,2
0,4,12
1,2,12
2,3,10
0,0,1,34
1,1,2,10
15
3,2
0,4,14
1,0,10
2,1,10
0,0,1,28
1,1,2,22
16
4,3
0,2,10
1,1,12
2,4,16
3,3,12
0,0,1,10
1,1,2,16
2,2,3,10
17
4,3
0,3,18
1,0,18
2,2,14
3,0,14
0,0,1,34
1,1,2,10
2,2,3,10
18
2,1
0,1,10
1,4,18
0,0,1,22
19
5,4
0,2,14
1,0,12
2,2,16
3,1,18
4,2,14
0,0,1,22
1,1,2,28
2,2,3,22
3,3,4,16
20
3,2
0,3,18
1,4,14
2,0,18
0,0,1,22
1,1,2,10
21
2,1
0,3,14
1,0,12
0,0,1,34
22
5,4
0,3,18
1,0,12
2,2,18
3,1,12
4,0,10
0,0,1,22
1,1,2,10
2,2,3,10
3,3,4,28
23
4,3
0,0,18
1,2,18
2,1,10
3,4,14
0,0,1,16
1,1,2,10
2,2,3,10
24
3,2
0,0,18
1,4,10
2,3,14
0,0,1,22
1,1,2,22
25
4,3
0,1,14
1,2,16
2,4,10
3,0,16
0,0,1,10
1,1,2,34
2,2,3,22
26
5,4
0,1,18
1,0,14
2,3,16
3,0,16
4,2,10
0,0,1,16
1,1,2,34
2,2,3,22
3,3,4,34
27
2,1
0,3,14
1,2,16
0,0,1,22
28
4,3
0,2,16
1,0,16
2,3,12
3,2,16
0,0,1,22
1,1,2,22
2,2,3,10
29
5,4
0,4,16
1,0,16
2,4,12
3,2,10
4,0,18
0,0,1,22
1,1,2,10
2,2,3,10
3,3,4,16
30
5,4
0,0,14
1,4,12
2,0,12
3,4,10
4,2,16
0,0,1,34
1,1,2,28
2,2,3,34
3,3,4,10
31
3,2
0,1,16
1,4,10
2,2,16
0,0,1,28
1,1,2,22
32
3,2
0,0,10
1,4,16
2,1,12
0,0,1,10
1,1,2,22
33
2,1
0,0,16
1,2,18
0,0,1,22
34
3,2
0,0,18
1,2,10
2,4,16
0,0,1,34
1,1,2,16
35
2,1
0,4,10
1,0,18
0,0,1,28
36
4,3
0,3,16
1,4,16
2,0,12
3,1,14
0,0,1,34
1,1,2,22
2,2,3,28
37
5,4
0,3,16
1,4,14
2,3,14
3,1,14
4,0,10
0,0,1,10
1,1,2,10
2,2,3,34
3,3,4,28
38
5,4
0,1,18
1,0,18
2,3,18
3,4,18
4,0,16
0,0,1,16
1,1,2,22
2,2,3,22
3,3,4,16
39
3,2
0,4,18
1,1,12
2,0,12
0,0,1,28
1,1,2,22
40
2,1
0,3,14
1,0,14
0,0,1,22
41
3,2
0,3,16
1,0,14
2,4,10
0,0,1,22
1,1,2,28
42
4,3
0,2,16
1,0,12
2,3,16
3,1,16
0,0,1,34
1,1,2,28
2,2,3,16
43
5,4
0,2,18
1,4,16
2,0,10
3,1,16
4,4,12
0,0,1,28
1,1,2,34
2,2,3,10
3,3,4,16
44
5,4
0,2,14
1,1,16
2,4,18
3,2,12
4,0,14
0,0,1,28
1,1,2,34
2,2,3,22
3,3,4,10
45
3,2
0,2,16
1,1,14
2,4,18
0,0,1,16
1,1,2,16
46
3,2
0,1,14
1,4,16
2,2,12
0,0,1,10
1,1,2,28
47
2,1
0,4,16
1,0,16
0,0,1,10
48
5,4
0,3,10
1,4,12
2,1,14
3,3,12
4,2,18
0,0,1,16
1,1,2,22
2,2,3,16
3,3,4,10
49
2,1
0,3,10
1,1,14
0,0,1,16
50
2,1
0,1,14
1,3,18
0,0,1,10
51
2,1
0,2,18
1,4,18
0,0,1,16
52
3,2
0,3,14
1,1,12
2,0,16
0,0,1,28
1,1,2,34
53
5,4
0,4,14
1,3,10
2,4,16
3,0,16
4,4,10
0,0,1,16
1,1,2,16
2,2,3,34
3,3,4,28
54
5,4
0,4,14
1,2,12
2,4,18
3,3,18
4,1,16
0,0,1,10
1,1,2,28
2,2,3,10
3,3,4,22
55
3,2
0,1,18
1,0,10
2,2,18
0,0,1,34
1,1,2,16
56
5,4
0,3,14
1,1,12
2,4,14
3,0,12
4,2,10
0,0,1,22
1,1,2,34
2,2,3,28
3,3,4,28
57
2,1
0,0,10
1,2,18
0,0,1,10
58
2,1
0,2,16
1,1,18
0,0,1,10
59
5,4
0,1,14
1,0,16
2,1,12
3,4,14
4,3,12
0,0,1,16
1,1,2,22
2,2,3,16
3,3,4,10
