65
0
5,4
0,2,14
1,1,10
2,2,14
3,3,10
4,4,10
0,0,1,28
1,1,2,16
2,2,3,28
3,3,4,34
1
5,4
0,0,16
1,4,12
2,2,18
3,3,18
4,2,18
0,0,1,28
1,1,2,34
2,2,3,16
3,3,4,16
2
3,2
0,0,14
1,1,14
2,0,12
0,0,1,34
1,1,2,28
3
4,3
0,0,18
1,2,18
2,0,10
3,4,10
0,0,1,10
1,1,2,16
2,2,3,16
4
3,2
0,4,12
1,0,12
2,1,14
0,0,1,34
1,1,2,16
5
4,3
0,2,16
1,4,18
2,3,18
3,0,18
0,0,1,22
1,1,2,16
2,2,3,16
6
3,2
0,1,14
1,2,14
2,4,18
0,0,1,10
1,1,2,28
7
5,4
0,1,12
1,4,10
2,1,10
3,0,10
4,3,12
0,0,1,16
1,1,2,16
2,2,3,28
3,3,4,10
8
2,1
0,0,18
1,4,14
0,0,1,16
9
4,3
0,4,12
1,3,12
2,2,10
3,1,14
0,0,1,10
1,1,2,34
2,2,3,16
10
2,1
0,2,12
1,1,16
0,0,1,10
11
4,3
0,2,12
1,0,16
2,4,12
3,1,14
0,0,1,16
1,1,2,28
2,2,3,28
12
3,2
0,1,14
1,0,10
2,3,18
0,0,1,10
1,1,2,22
13
3,2
0,0,14
1,2,12
2,0,10
0,0,1,22
1,1,2,10
14
2,1
0,1,12
1,2,10
0,0,1,10
15
2,1
0,4,10
1,3,18
0,0,1,10
16
2,1
0,3,14
1,2,10
0,0,1,28
17
5,4
0,3,16
1,2,14
2,0,18
3,1,10
4,3,16
0,0,1,28
1,1,2,28
2,2,3,28
3,3,4,34
18
5,4
0,0,10
1,2,18
2,1,16
3,2,12
4,3,10
0,0,1,34
1,1,2,28
2,2,3,10
3,3,4,16
19
3,2
0,0,14
1,2,18
2,0,12
0,0,1,28
1,1,2,22
20
5,4
0,1,18
1,4,12
2,2,16
3,4,18
4,2,16
0,0,1,34
1,1,2,10
2,2,3,10
3,3,4,22
21
3,2
0,3,12
1,4,14
2,0,10
0,0,1,10
1,1,2,34
22
3,2
0,0,16
1,2,18
2,0,16
0,0,1,28
1,1,2,16
23
3,2
0,3,16
1,4,16
2,1,10
0,0,1,28
1,1,2,10
24
3,2
0,2,10
1,0,12
2,4,12
0,0,1,22
1,1,2,22
25
4,3
0,0,18
1,3,10
2,0,16
3,2,12
0,0,1,16
1,1,2,28
2,2,3,22
26
4,3
0,2,18
1,1,18
2,0,14
3,2,16
0,0,1,22
1,1,2,10
2,2,3,28
27
4,3
0,0,12
1,2,18
2,1,10
3,2,12
0,0,1,34
1,1,2,28
2,2,3,34
28
5,4
0,1,12
1,3,12
2,2,18
3,4,12
4,2,12
0,0,1,28
1,1,2,22
2,2,3,34
3,3,4,10
29
3,2
0,0,10
1,4,16
2,2,14
0,0,1,28
1,1,2,34
30
3,2
0,3,18
1,0,18
2,4,14
0,0,1,10
1,1,2,16
31
5,4
0,3,18
1,0,10
2,2,16
3,1,18
4,4,14
0,0,1,10
1,1,2,10
2,2,3,10
3,3,4,10
32
5,4
0,0,16
1,3,14
2,0,14
3,1,14
4,2,10
0,0,1,22
1,1,2,34
2,2,3,28
3,3,4,28
33
5,4
0,2,10
1,3,10
2,2,10
3,3,18
4,1,16
0,0,1,34
1,1,2,34
2,2,3,16
3,3,4,22
34
3,2
0,4,12
1,3,12
2,2,14
0,0,1,28
1,1,2,34
35
2,1
0,2,14
1,3,16
0,0,1,10
36
4,3
0,3,12
1,2,12
2,1,16
3,2,18
0,0,1,34
1,1,2,10
2,2,3,34
37
3,2
0,2,18
1,1,18
2,4,14
0,0,1,16
1,1,2,34
38
4,3
0,1,10
1,3,12
2,2,16
3,0,18
0,0,1,16
1,1,2,34
2,2,3,10
39
3,2
0,3,18
1,0,14
2,1,12
0,0,1,22
1,1,2,16
40
5,4
0,1,14
1,4,10
2,3,14
3,4,18
4,3,16
0,0,1,28
1,1,2,16
2,2,3,10
3,3,4,16
41
2,1
0,1,18
1,3,16
0,0,1,22
42
4,3
0,3,18
1,4,10
2,2,18
3,3,10
0,0,1,34
1,1,2,22
2,2,3,28
43
5,4
0,4,12
1,3,14
2,2,12
3,4,12
4,0,16
0,0,1,22
1,1,2,10
2,2,3,28
3,3,4,34
44
3,2
0,1,10
1,2,10
2,4,14
0,0,1,16
1,1,2,28
45
4,3
0,1,10
1,4,18
2,2,18
3,4,16
0,0,1,10
1,1,2,16
2,2,3,22
46
4,3
0,1,14
1,3,18
2,2,16
3,0,10
0,0,1,34
1,1,2,22
2,2,3,10
47
4,3
0,4,10
1,0,14
2,1,18
3,3,10
0,0,1,16
1,1,2,22
2,2,3,16
48
5,4
0,2,18
1,3,16
2,2,12
3,1,14
4,3,16
0,0,1,10
1,1,2,34
2,2,3,22
3,3,4,16
49
2,1
0,0,18
1,3,16
0,0,1,10
50
4,3
0,0,10
1,1,16
2,4,12
3,3,10
0,0,1,16
1,1,2,34
2,2,3,34
51
3,2
0,1,12
1,2,14
2,3,12
0,0,1,22
1,1,2,28
52
3,2
0,0,10
1,1,10
2,2,14
0,0,1,22
1,1,2,28
53
4,3
0,3,10
1,2,18
2,1,10
3,0,18
0,0,1,34
1,1,2,22
2,2,3,34
54
5,4
0,2,14
1,4,16
2,0,10
3,1,18
4,4,12
0,0,1,28
1,1,2,10
2,2,3,22
3,3,4,34
55
4,3
0,1,12
1,2,14
2,1,12
3,3,18
0,0,1,16
1,1,2,28
2,2,3,22
56
2,1
0,2,18
1,3,16
0,0,1,10
57
3,2
0,1,12
1,3,12
2,4,10
0,0,1,16
1,1,2,10
58
3,2
0,0,16
1,2,10
2,4,12
0,0,1,28
1,1,2,34
59
2,1
0,2,18
1,4,18
0,0,1,28
60
3,2
0,4,14
1,3,16
2,4,12
0,0,1,16
1,1,2,16
61
3,2
0,1,10
1,2,18
2,0,18
0,0,1,28
1,1,2,22
62
3,2
0,2,10
1,0,16
2,2,16
0,0,1,22
1,1,2,34
63
4,3
0,1,14
1,3,12
2,4,14
3,0,16
0,0,1,34
1,1,2,28
2,2,3,34
64
4,3
0,3,14
1,1,14
2,0,16
3,3,10
0,0,1,22
1,1,2,10
2,2,3,28
